3.245483338832855225e-02
-5.029923319816589355e-01
1.645293831825256348e+00
0.000000000000000000e+00
-1.347720772027969360e-01
0.000000000000000000e+00
9.507645964622497559e-01
4.432118311524391174e-02
8.801171183586120605e-01
1.562404990196228027e+00
-6.551044583320617676e-01
-9.818307310342788696e-02
-2.089458517730236053e-02
6.643928885459899902e-01
4.956278949975967407e-02
9.593314528465270996e-01
1.487244844436645508e+00
-4.089433252811431885e-01
-7.985502481460571289e-02
-1.280594617128372192e-02
8.375749588012695312e-01
1.803321577608585358e-02
1.149350166320800781e+00
1.580532312393188477e+00
-5.479065179824829102e-01
-4.823419079184532166e-02
-6.904590874910354614e-02
7.163283228874206543e-01
-4.459078609943389893e-02
1.441388607025146484e+00
1.682125329971313477e+00
-5.471885800361633301e-01
1.396045684814453125e-01
-1.278542280197143555e-01
6.674699187278747559e-01
-2.028957605361938477e-01
1.516221523284912109e+00
1.688853621482849121e+00
-4.268415570259094238e-01
-9.111241251230239868e-02
1.964671462774276733e-01
4.906968474388122559e-01
-2.289865463972091675e-01
1.445150017738342285e+00
1.710850238800048828e+00
-5.416445732116699219e-01
-3.270322456955909729e-02
3.118724226951599121e-01
2.299589663743972778e-01
-2.225364446640014648e-01
1.396899461746215820e+00
1.768911123275756836e+00
-3.274814784526824951e-01
1.937657445669174194e-01
2.607253491878509521e-01
4.457314610481262207e-01
3.476802259683609009e-02
1.435525178909301758e+00
1.693446278572082520e+00
-5.159308314323425293e-01
-4.077649861574172974e-02
-2.081895470619201660e-01
6.623752713203430176e-01
1.605131179094314575e-01
1.466554164886474609e+00
1.758859157562255859e+00
-3.025178909301757812e-01
-1.110843643546104431e-01
-2.589841187000274658e-01
5.506888031959533691e-01
2.645475566387176514e-01
1.359949707984924316e+00
1.796958446502685547e+00
-3.326964974403381348e-01
-9.078303724527359009e-02
-4.065565168857574463e-01
2.631460726261138916e-01
3.075961172580718994e-01
1.334401369094848633e+00
1.828841686248779297e+00
-1.966135650873184204e-01
-3.059614300727844238e-01
-2.644957900047302246e-01
3.070743381977081299e-01
-6.964408606290817261e-02
8.325829505920410156e-01
1.541947722434997559e+00
-5.502989292144775391e-01
-4.359033107757568359e-01
4.614293575286865234e-01
3.821749091148376465e-01
-6.750214099884033203e-02
3.543692231178283691e-01
1.656041264533996582e+00
-3.963077366352081299e-01
-5.706855654716491699e-01
3.723196387290954590e-01
4.957606792449951172e-01
1.378689333796501160e-02
-1.767490804195404053e-01
1.487183094024658203e+00
-6.808583736419677734e-01
-1.962941586971282959e-01
5.093708038330078125e-01
2.318406105041503906e-01
-2.601229399442672729e-02
-2.745039463043212891e-01
1.600338578224182129e+00
-6.897099614143371582e-01
-1.143959239125251770e-01
5.293546915054321289e-01
1.700714230537414551e-01
1.675496846437454224e-01
8.568788170814514160e-01
1.582977175712585449e+00
-5.710817575454711914e-01
-3.269718587398529053e-01
4.840596914291381836e-01
2.041208893060684204e-01
1.810975521802902222e-01
5.988883376121520996e-01
1.784520864486694336e+00
-4.408945739269256592e-01
-4.569739401340484619e-01
3.395308852195739746e-01
4.341054558753967285e-01
1.974930018186569214e-01
1.782149225473403931e-01
1.724914908409118652e+00
-5.567595362663269043e-01
-1.498214900493621826e-01
5.301982760429382324e-01
1.632102727890014648e-01
1.987133473157882690e-01
1.211880445480346680e-01
1.824102401733398438e+00
-5.610842704772949219e-01
-2.344684489071369171e-02
5.452328324317932129e-01
4.680310562252998352e-02
0.000000000000000000e+00
1.000000000000000000e+00
-4.000000000000000000e+00
0.000000000000000000e+00
0.000000000000000000e+00
0.000000000000000000e+00
1.000000000000000000e+00
