1.560477316379547119e-01
1.888802051544189453e-01
5.482110381126403809e-01
0.000000000000000000e+00
2.661300599575042725e-01
0.000000000000000000e+00
8.439774811267852783e-02
1.540513187646865845e-01
1.516256332397460938e-01
5.274253487586975098e-01
2.010133415460586548e-01
1.463244408369064331e-01
2.078372240066528320e-01
1.197470277547836304e-01
1.751579642295837402e-01
1.440339386463165283e-01
5.355347990989685059e-01
2.637635171413421631e-01
1.607371121644973755e-01
1.587090790271759033e-01
6.395698338747024536e-02
1.827873736619949341e-01
1.763582378625869751e-01
5.517858862876892090e-01
3.115712106227874756e-01
1.497289240360260010e-01
2.198367565870285034e-01
1.084108203649520874e-01
2.061325162649154663e-01
3.186171948909759521e-01
6.009219884872436523e-01
3.029510080814361572e-01
1.959292143583297729e-01
2.706906199455261230e-01
1.256832033395767212e-01
2.255461961030960083e-01
3.424370288848876953e-01
6.111664772033691406e-01
2.612244486808776855e-01
5.254567265510559082e-01
3.810449838638305664e-01
2.014206945896148682e-01
2.959354817867279053e-01
4.644688367843627930e-01
6.049551963806152344e-01
2.345475405454635620e-01
5.141864418983459473e-01
3.772307038307189941e-01
3.061149120330810547e-01
4.481851160526275635e-01
7.276873588562011719e-01
6.348102688789367676e-01
3.214848935604095459e-01
5.147839188575744629e-01
3.568063378334045410e-01
3.047636747360229492e-01
2.080820649862289429e-01
3.308031260967254639e-01
6.011421084403991699e-01
3.378695845603942871e-01
2.103312760591506958e-01
2.788386940956115723e-01
1.180443540215492249e-01
2.502101361751556396e-01
4.145570695400238037e-01
6.272149085998535156e-01
4.352815747261047363e-01
3.652301728725433350e-01
3.821887671947479248e-01
2.385118156671524048e-01
2.932089567184448242e-01
5.490971803665161133e-01
6.436626315116882324e-01
4.987703859806060791e-01
3.476337492465972900e-01
3.872574865818023682e-01
3.562921285629272461e-01
3.827255666255950928e-01
7.443786263465881348e-01
6.784738302230834961e-01
4.324962496757507324e-01
4.513917565345764160e-01
3.986277282238006592e-01
3.921270370483398438e-01
1.515978127717971802e-01
1.475358903408050537e-01
5.277404785156250000e-01
1.425818651914596558e-01
2.009481787681579590e-01
2.553712427616119385e-01
1.492010802030563354e-01
1.683211326599121094e-01
2.799486815929412842e-01
5.659102201461791992e-01
1.591071337461471558e-01
1.671022772789001465e-01
2.558138370513916016e-01
1.190677732229232788e-01
2.001900523900985718e-01
5.002595782279968262e-01
6.102153062820434570e-01
2.129079699516296387e-01
1.986977308988571167e-01
2.723635137081146240e-01
1.603040695190429688e-01
2.031160145998001099e-01
5.741524100303649902e-01
6.341383457183837891e-01
2.159195691347122192e-01
2.199797928333282471e-01
2.727056145668029785e-01
1.808283478021621704e-01
1.532794684171676636e-01
1.710437685251235962e-01
5.297263264656066895e-01
3.177917003631591797e-01
2.473946809768676758e-01
2.035528719425201416e-01
2.955465018749237061e-01
1.817175149917602539e-01
4.542294144630432129e-01
6.392891407012939453e-01
3.365852534770965576e-01
2.459068298339843750e-01
2.412046194076538086e-01
2.472337484359741211e-01
2.483353018760681152e-01
7.558181881904602051e-01
7.628335356712341309e-01
3.817349374294281006e-01
2.763414084911346436e-01
2.297376543283462524e-01
2.914465367794036865e-01
2.581793069839477539e-01
8.676617145538330078e-01
7.893820405006408691e-01
3.759325742721557617e-01
3.113538622856140137e-01
2.293722480535507202e-01
3.070675730705261230e-01
0.000000000000000000e+00
0.000000000000000000e+00
0.000000000000000000e+00
0.000000000000000000e+00
0.000000000000000000e+00
0.000000000000000000e+00
0.000000000000000000e+00
