-0.600
-0.470
0.390
0.327
-0.437
-0.616
0.320
0.418
-0.726
-0.216
0.419
0.200
-0.756
-0.051
0.453
0.103
-0.756
-0.051
0.453
0.103
-0.736
-0.129
0.436
0.149
-0.736
-0.129
0.436
0.149
-0.621
-0.347
0.413
0.161
-0.478
-0.499
0.284
0.374
-0.609
-0.164
0.457
0.146
-0.630
-0.026
0.477
0.042
-0.630
-0.026
0.477
0.042
-0.613
-0.026
0.471
0.047
-0.613
-0.026
0.471
0.047
-0.398
-0.181
-0.058
0.821
-0.502
-0.171
-0.081
0.762
-0.529
-0.135
-0.128
0.706
-0.529
-0.135
-0.128
0.706
-0.523
0.061
-0.181
0.679
-0.441
-0.145
0.145
0.482
-0.574
-0.065
0.242
0.236
-0.346
0.132
0.225
0.476
-0.336
0.123
0.229
0.485
-0.357
0.186
0.235
0.451
-0.292
0.272
0.341
0.372
-0.281
0.294
0.333
0.343
0.015
0.406
0.478
0.012
-0.313
0.205
0.334
0.406
-0.283
0.265
0.369
0.338
-0.262
0.318
0.360
0.275
0.045
0.411
0.449
-0.055
-0.221
0.101
0.434
0.396
-0.206
0.184
0.455
0.301
-0.139
0.261
0.474
0.159
0.092
0.286
0.447
-0.219
-0.262
0.143
0.377
0.425
-0.226
0.240
0.426
0.309
-0.155
0.322
0.434
0.182
0.123
0.339
0.436
-0.171
-0.204
0.439
0.245
0.310
-0.175
0.354
0.302
0.362
-0.140
0.278
0.299
0.415
0.384
0.103
0.300
0.333
-0.414
-0.160
-0.122
0.756
-0.585
-0.099
-0.111
0.667
-0.585
-0.099
-0.111
0.667
-0.482
-0.122
-0.259
0.654
-0.276
-0.175
-0.285
0.537
-0.297
-0.120
-0.440
0.258
-0.166
-0.339
-0.290
0.282
-0.167
-0.350
-0.283
0.275
0.162
0.308
0.293
-0.323
-0.211
-0.305
-0.249
0.336
0.191
0.320
0.271
-0.303
0.361
0.097
-0.028
-0.405
0.200
0.318
0.259
-0.320
-0.187
-0.336
-0.286
0.286
0.151
0.346
0.315
-0.247
0.352
0.143
0.044
-0.396
0.197
0.357
0.295
-0.227
-0.130
-0.328
-0.383
0.187
0.110
0.280
0.439
-0.139
0.279
0.126
0.208
-0.407
0.174
0.356
0.292
-0.250
-0.133
-0.333
-0.337
0.226
0.109
0.311
0.367
-0.175
0.300
0.149
0.134
-0.379
0.013
0.302
0.193
-0.394
-0.053
-0.308
-0.167
0.378
0.041
0.323
0.142
-0.346
0.089
0.426
-0.223
-0.086
